 YYYY DOY   AU     ELAT   ELON    HG_LAT  HG_LON  HGI_LON
 2016   1  0.983   0.00   99.96   -2.93  274.24   23.80
 2016   2  0.983   0.00  100.98   -3.05  261.06   24.81
 2016   3  0.983   0.00  102.00   -3.17  247.95   25.83
 2016   4  0.983   0.00  103.02   -3.28  234.78   26.84
 2016   5  0.983   0.00  104.04   -3.40  221.61   27.86
 2016   6  0.983   0.00  105.06   -3.51  208.43   28.87
 2016   7  0.983   0.00  106.08   -3.62  195.26   29.89
 2016   8  0.983   0.00  107.10   -3.73  182.09   30.90
 2016   9  0.983   0.00  108.12   -3.84  168.92   31.92
 2016  10  0.983   0.00  109.14   -3.95  155.75   32.93
 2016  11  0.983   0.00  110.16   -4.06  142.57   33.95
 2016  12  0.983   0.00  111.17   -4.16  129.40   34.97
 2016  13  0.983   0.00  112.19   -4.27  116.23   35.98
 2016  14  0.984   0.00  113.21   -4.37  103.06   37.00
 2016  15  0.984   0.00  114.23   -4.47   89.89   38.01
 2016  16  0.984   0.00  115.25   -4.57   76.72   39.03
 2016  17  0.984   0.00  116.27   -4.67   63.55   40.05
 2016  18  0.984   0.00  117.29   -4.77   50.38   41.07
 2016  19  0.984   0.00  118.30   -4.87   37.21   42.08
 2016  20  0.984   0.00  119.32   -4.96   24.04   43.10
 2016  21  0.984   0.00  120.34   -5.05   10.87   44.12
 2016  22  0.984   0.00  121.36   -5.14  357.70   45.13
 2016  23  0.984   0.00  122.38   -5.23  344.59   46.15
 2016  24  0.984   0.00  123.39   -5.32  331.42   47.17
 2016  25  0.984   0.00  124.41   -5.41  318.25   48.19
 2016  26  0.984   0.00  125.43   -5.49  305.08   49.21
 2016  27  0.985   0.00  126.44   -5.58  291.91   50.22
 2016  28  0.985   0.00  127.46   -5.66  278.74   51.24
 2016  29  0.985   0.00  128.48   -5.74  265.57   52.26
 2016  30  0.985   0.00  129.49   -5.81  252.40   53.28
 2016  31  0.985   0.00  130.51   -5.89  239.23   54.30
 2016  32  0.985   0.00  131.52   -5.96  226.06   55.31
 2016  33  0.985   0.00  132.54   -6.03  212.90   56.33
 2016  34  0.986   0.00  133.55   -6.10  199.73   57.35
 2016  35  0.986   0.00  134.57   -6.17  186.56   58.37
 2016  36  0.986   0.00  135.58   -6.24  173.39   59.39
 2016  37  0.986   0.00  136.60   -6.30  160.22   60.41
 2016  38  0.986   0.00  137.61   -6.36  147.05   61.42
 2016  39  0.986   0.00  138.62   -6.42  133.88   62.44
 2016  40  0.986   0.00  139.64   -6.48  120.71   63.46
 2016  41  0.987   0.00  140.65   -6.54  107.54   64.48
 2016  42  0.987   0.00  141.66   -6.59   94.37   65.49
 2016  43  0.987   0.00  142.67   -6.64   81.26   66.51
 2016  44  0.987   0.00  143.68   -6.69   68.09   67.53
 2016  45  0.987   0.00  144.69   -6.74   54.92   68.54
 2016  46  0.988   0.00  145.71   -6.79   41.75   69.56
 2016  47  0.988   0.00  146.72   -6.83   28.58   70.58
 2016  48  0.988   0.00  147.73   -6.87   15.41   71.59
 2016  49  0.988   0.00  148.73   -6.91    2.24   72.61
 2016  50  0.988   0.00  149.74   -6.95  349.06   73.63
 2016  51  0.989   0.00  150.75   -6.98  335.89   74.64
 2016  52  0.989   0.00  151.76   -7.02  322.72   75.66
 2016  53  0.989   0.00  152.77   -7.05  309.55   76.67
 2016  54  0.989   0.00  153.78   -7.07  296.37   77.69
 2016  55  0.989   0.00  154.78   -7.10  283.20   78.70
 2016  56  0.990   0.00  155.79   -7.12  270.03   79.71
 2016  57  0.990   0.00  156.80   -7.14  256.85   80.73
 2016  58  0.990   0.00  157.80   -7.16  243.68   81.74
 2016  59  0.990   0.00  158.81   -7.18  230.50   82.75
 2016  60  0.991   0.00  159.81   -7.20  217.33   83.77
 2016  61  0.991   0.00  160.81   -7.21  204.15   84.78
 2016  62  0.991   0.00  161.82   -7.22  190.98   85.79
 2016  63  0.991   0.00  162.82   -7.23  177.86   86.80
 2016  64  0.992   0.00  163.82   -7.23  164.69   87.81
 2016  65  0.992   0.00  164.83   -7.24  151.51   88.82
 2016  66  0.992   0.00  165.83   -7.24  138.33   89.83
 2016  67  0.992   0.00  166.83   -7.24  125.15   90.84
 2016  68  0.993   0.00  167.83   -7.23  111.97   91.85
 2016  69  0.993   0.00  168.83   -7.23   98.79   92.86
 2016  70  0.993   0.00  169.83   -7.22   85.61   93.86
 2016  71  0.993   0.00  170.83   -7.21   72.43   94.87
 2016  72  0.994   0.00  171.82   -7.20   59.25   95.88
 2016  73  0.994   0.00  172.82   -7.19   46.07   96.88
 2016  74  0.994   0.00  173.82   -7.17   32.89   97.89
 2016  75  0.994   0.00  174.82   -7.15   19.70   98.89
 2016  76  0.995   0.00  175.81   -7.13    6.52   99.90
 2016  77  0.995   0.00  176.81   -7.11  353.34  100.90
 2016  78  0.995   0.00  177.80   -7.08  340.15  101.90
 2016  79  0.996   0.00  178.80   -7.06  326.96  102.90
 2016  80  0.996   0.00  179.79   -7.03  313.78  103.90
 2016  81  0.996  -0.00  180.79   -7.00  300.59  104.90
 2016  82  0.996  -0.00  181.78   -6.96  287.40  105.90
 2016  83  0.997  -0.00  182.77   -6.93  274.28  106.90
 2016  84  0.997  -0.00  183.76   -6.89  261.09  107.90
 2016  85  0.997  -0.00  184.75   -6.85  247.90  108.90
 2016  86  0.998  -0.00  185.74   -6.81  234.71  109.90
 2016  87  0.998  -0.00  186.73   -6.77  221.52  110.89
 2016  88  0.998  -0.00  187.72   -6.72  208.32  111.89
 2016  89  0.998  -0.00  188.71   -6.67  195.13  112.88
 2016  90  0.999  -0.00  189.70   -6.62  181.94  113.87
 2016  91  0.999  -0.00  190.69   -6.57  168.74  114.87
 2016  92  0.999  -0.00  191.68   -6.52  155.55  115.86
 2016  93  1.000  -0.00  192.66   -6.47  142.35  116.85
 2016  94  1.000  -0.00  193.65   -6.41  129.15  117.84
 2016  95  1.000  -0.00  194.63   -6.35  115.96  118.83
 2016  96  1.000  -0.00  195.62   -6.29  102.76  119.82
 2016  97  1.001  -0.00  196.60   -6.23   89.56  120.81
 2016  98  1.001  -0.00  197.59   -6.16   76.36  121.80
 2016  99  1.001  -0.00  198.57   -6.10   63.16  122.78
 2016 100  1.002  -0.00  199.55   -6.03   49.96  123.77
 2016 101  1.002  -0.00  200.53   -5.96   36.75  124.75
 2016 102  1.002  -0.00  201.52   -5.89   23.55  125.74
 2016 103  1.002  -0.00  202.50   -5.81   10.41  126.72
 2016 104  1.003  -0.00  203.48   -5.74  357.20  127.70
 2016 105  1.003  -0.00  204.46   -5.66  344.00  128.69
 2016 106  1.003  -0.00  205.44   -5.58  330.79  129.67
 2016 107  1.004  -0.00  206.42   -5.50  317.58  130.65
 2016 108  1.004  -0.00  207.39   -5.42  304.38  131.63
 2016 109  1.004  -0.00  208.37   -5.34  291.17  132.60
 2016 110  1.004  -0.00  209.35   -5.26  277.96  133.58
 2016 111  1.005  -0.00  210.33   -5.17  264.75  134.56
 2016 112  1.005  -0.00  211.30   -5.08  251.54  135.54
 2016 113  1.005  -0.00  212.28   -5.00  238.32  136.51
 2016 114  1.005  -0.00  213.25   -4.91  225.11  137.48
 2016 115  1.006  -0.00  214.23   -4.81  211.90  138.46
 2016 116  1.006  -0.00  215.20   -4.72  198.68  139.43
 2016 117  1.006  -0.00  216.17   -4.63  185.47  140.40
 2016 118  1.007  -0.00  217.15   -4.53  172.25  141.38
 2016 119  1.007  -0.00  218.12   -4.44  159.03  142.35
 2016 120  1.007  -0.00  219.09   -4.34  145.82  143.32
 2016 121  1.007  -0.00  220.06   -4.24  132.60  144.28
 2016 122  1.008  -0.00  221.03   -4.14  119.38  145.25
 2016 123  1.008  -0.00  222.00   -4.04  106.16  146.22
 2016 124  1.008  -0.00  222.97   -3.94   93.00  147.19
 2016 125  1.008  -0.00  223.94   -3.83   79.78  148.15
 2016 126  1.009  -0.00  224.91   -3.73   66.56  149.12
 2016 127  1.009  -0.00  225.88   -3.62   53.33  150.08
 2016 128  1.009  -0.00  226.85   -3.52   40.11  151.05
 2016 129  1.009  -0.00  227.82   -3.41   26.89  152.01
 2016 130  1.010  -0.00  228.78   -3.30   13.66  152.97
 2016 131  1.010  -0.00  229.75   -3.19    0.44  153.94
 2016 132  1.010  -0.00  230.72   -3.08  347.21  154.90
 2016 133  1.010  -0.00  231.68   -2.97  333.98  155.86
 2016 134  1.010  -0.00  232.65   -2.86  320.76  156.82
 2016 135  1.011  -0.00  233.61   -2.75  307.53  157.78
 2016 136  1.011  -0.00  234.58   -2.64  294.30  158.74
 2016 137  1.011  -0.00  235.54   -2.52  281.07  159.70
 2016 138  1.011  -0.00  236.51   -2.41  267.84  160.65
 2016 139  1.012  -0.00  237.47   -2.29  254.61  161.61
 2016 140  1.012  -0.00  238.43   -2.18  241.38  162.57
 2016 141  1.012  -0.00  239.40   -2.06  228.15  163.52
 2016 142  1.012  -0.00  240.36   -1.95  214.92  164.48
 2016 143  1.012  -0.00  241.32   -1.83  201.68  165.43
 2016 144  1.013  -0.00  242.28   -1.71  188.51  166.39
 2016 145  1.013  -0.00  243.24   -1.59  175.28  167.34
 2016 146  1.013  -0.00  244.20   -1.48  162.05  168.30
 2016 147  1.013  -0.00  245.16   -1.36  148.81  169.25
 2016 148  1.013  -0.00  246.12   -1.24  135.58  170.20
 2016 149  1.013  -0.00  247.08   -1.12  122.34  171.16
 2016 150  1.014  -0.00  248.04   -1.00  109.11  172.11
 2016 151  1.014  -0.00  249.00   -0.88   95.87  173.06
 2016 152  1.014  -0.00  249.96   -0.76   82.64  174.01
 2016 153  1.014  -0.00  250.92   -0.64   69.40  174.96
 2016 154  1.014  -0.00  251.88   -0.52   56.16  175.91
 2016 155  1.014  -0.00  252.84   -0.40   42.92  176.86
 2016 156  1.014  -0.00  253.79   -0.28   29.69  177.81
 2016 157  1.015  -0.00  254.75   -0.16   16.45  178.76
 2016 158  1.015  -0.00  255.71   -0.04    3.21  179.71
 2016 159  1.015  -0.00  256.66    0.08  349.97  180.66
 2016 160  1.015  -0.00  257.62    0.20  336.73  181.61
 2016 161  1.015  -0.00  258.58    0.32  323.50  182.56
 2016 162  1.015  -0.00  259.53    0.45  310.26  183.51
 2016 163  1.015  -0.00  260.49    0.57  297.02  184.46
 2016 164  1.015  -0.00  261.45    0.69  283.84  185.40
 2016 165  1.016  -0.00  262.40    0.81  270.60  186.35
 2016 166  1.016  -0.00  263.36    0.92  257.36  187.30
 2016 167  1.016  -0.00  264.31    1.04  244.12  188.25
 2016 168  1.016  -0.00  265.27    1.16  230.88  189.20
 2016 169  1.016  -0.00  266.22    1.28  217.64  190.14
 2016 170  1.016  -0.00  267.18    1.40  204.40  191.09
 2016 171  1.016  -0.00  268.13    1.52  191.16  192.04
 2016 172  1.016  -0.00  269.09    1.63  177.92  192.99
 2016 173  1.016  -0.00  270.04    1.75  164.68  193.93
 2016 174  1.016  -0.00  270.99    1.87  151.44  194.88
 2016 175  1.016  -0.00  271.95    1.98  138.20  195.83
 2016 176  1.016  -0.00  272.90    2.10  124.96  196.77
 2016 177  1.016  -0.00  273.86    2.21  111.72  197.72
 2016 178  1.017  -0.00  274.81    2.33   98.48  198.67
 2016 179  1.017  -0.00  275.76    2.44   85.24  199.62
 2016 180  1.017  -0.00  276.72    2.55   72.00  200.57
 2016 181  1.017  -0.00  277.67    2.67   58.76  201.51
 2016 182  1.017  -0.00  278.62    2.78   45.52  202.46
 2016 183  1.017  -0.00  279.58    2.89   32.28  203.41
 2016 184  1.017  -0.00  280.53    3.00   19.11  204.36
 2016 185  1.017  -0.00  281.48    3.11    5.87  205.31
 2016 186  1.017  -0.00  282.44    3.22  352.63  206.25
 2016 187  1.017  -0.00  283.39    3.32  339.39  207.20
 2016 188  1.017  -0.00  284.34    3.43  326.15  208.15
 2016 189  1.017  -0.00  285.30    3.53  312.91  209.10
 2016 190  1.017  -0.00  286.25    3.64  299.68  210.05
 2016 191  1.017  -0.00  287.20    3.74  286.44  211.00
 2016 192  1.017  -0.00  288.16    3.85  273.20  211.95
 2016 193  1.017  -0.00  289.11    3.95  259.96  212.90
 2016 194  1.017  -0.00  290.06    4.05  246.73  213.85
 2016 195  1.017  -0.00  291.02    4.15  233.49  214.80
 2016 196  1.017  -0.00  291.97    4.24  220.25  215.75
 2016 197  1.016  -0.00  292.93    4.34  207.02  216.71
 2016 198  1.016  -0.00  293.88    4.44  193.78  217.66
 2016 199  1.016  -0.00  294.83    4.53  180.55  218.61
 2016 200  1.016  -0.00  295.79    4.62  167.31  219.56
 2016 201  1.016  -0.00  296.74    4.72  154.08  220.51
 2016 202  1.016  -0.00  297.70    4.81  140.84  221.47
 2016 203  1.016  -0.00  298.65    4.90  127.61  222.42
 2016 204  1.016  -0.00  299.61    4.99  114.44  223.38
 2016 205  1.016  -0.00  300.56    5.07  101.21  224.33
 2016 206  1.016  -0.00  301.52    5.16   87.97  225.29
 2016 207  1.016  -0.00  302.47    5.24   74.74  226.24
 2016 208  1.016  -0.00  303.43    5.32   61.51  227.20
 2016 209  1.016  -0.00  304.38    5.40   48.28  228.15
 2016 210  1.015  -0.00  305.34    5.48   35.05  229.11
 2016 211  1.015  -0.00  306.29    5.56   21.82  230.07
 2016 212  1.015  -0.00  307.25    5.64    8.59  231.02
 2016 213  1.015  -0.00  308.21    5.71  355.36  231.98
 2016 214  1.015  -0.00  309.16    5.79  342.13  232.94
 2016 215  1.015  -0.00  310.12    5.86  328.90  233.90
 2016 216  1.015  -0.00  311.08    5.93  315.67  234.86
 2016 217  1.015  -0.00  312.03    6.00  302.44  235.82
 2016 218  1.014  -0.00  312.99    6.07  289.22  236.78
 2016 219  1.014  -0.00  313.95    6.13  275.99  237.74
 2016 220  1.014  -0.00  314.91    6.19  262.76  238.70
 2016 221  1.014  -0.00  315.86    6.26  249.54  239.66
 2016 222  1.014  -0.00  316.82    6.32  236.31  240.63
 2016 223  1.014  -0.00  317.78    6.37  223.09  241.59
 2016 224  1.013  -0.00  318.74    6.43  209.93  242.55
 2016 225  1.013  -0.00  319.70    6.49  196.70  243.52
 2016 226  1.013  -0.00  320.66    6.54  183.48  244.48
 2016 227  1.013  -0.00  321.62    6.59  170.26  245.45
 2016 228  1.013  -0.00  322.58    6.64  157.04  246.41
 2016 229  1.013  -0.00  323.54    6.69  143.82  247.38
 2016 230  1.012  -0.00  324.50    6.73  130.60  248.35
 2016 231  1.012  -0.00  325.47    6.78  117.38  249.31
 2016 232  1.012  -0.00  326.43    6.82  104.16  250.28
 2016 233  1.012  -0.00  327.39    6.86   90.94  251.25
 2016 234  1.012  -0.00  328.35    6.90   77.72  252.22
 2016 235  1.011  -0.00  329.32    6.93   64.50  253.19
 2016 236  1.011  -0.00  330.28    6.97   51.28  254.16
 2016 237  1.011  -0.00  331.24    7.00   38.07  255.13
 2016 238  1.011  -0.00  332.21    7.03   24.85  256.10
 2016 239  1.011  -0.00  333.17    7.06   11.63  257.07
 2016 240  1.010  -0.00  334.14    7.08  358.42  258.04
 2016 241  1.010  -0.00  335.10    7.11  345.20  259.02
 2016 242  1.010  -0.00  336.07    7.13  331.99  259.99
 2016 243  1.010  -0.00  337.04    7.15  318.78  260.96
 2016 244  1.009  -0.00  338.00    7.17  305.56  261.94
 2016 245  1.009  -0.00  338.97    7.18  292.41  262.91
 2016 246  1.009  -0.00  339.94    7.20  279.20  263.89
 2016 247  1.009  -0.00  340.91    7.21  265.99  264.86
 2016 248  1.008  -0.00  341.88    7.22  252.78  265.84
 2016 249  1.008  -0.00  342.84    7.23  239.57  266.82
 2016 250  1.008  -0.00  343.81    7.23  226.36  267.80
 2016 251  1.008  -0.00  344.78    7.24  213.15  268.77
 2016 252  1.007  -0.00  345.76    7.24  199.94  269.75
 2016 253  1.007  -0.00  346.73    7.24  186.73  270.73
 2016 254  1.007  -0.00  347.70    7.24  173.52  271.71
 2016 255  1.007  -0.00  348.67    7.23  160.32  272.69
 2016 256  1.006  -0.00  349.64    7.22  147.11  273.67
 2016 257  1.006  -0.00  350.62    7.21  133.90  274.65
 2016 258  1.006  -0.00  351.59    7.20  120.70  275.63
 2016 259  1.006  -0.00  352.56    7.19  107.49  276.61
 2016 260  1.005  -0.00  353.54    7.18   94.28  277.60
 2016 261  1.005  -0.00  354.51    7.16   81.08  278.58
 2016 262  1.005  -0.00  355.49    7.14   67.88  279.56
 2016 263  1.005  -0.00  356.47    7.12   54.67  280.55
 2016 264  1.004  -0.00  357.44    7.09   41.47  281.53
 2016 265  1.004  -0.00  358.42    7.07   28.33  282.52
 2016 266  1.004  -0.00  359.40    7.04   15.13  283.50
 2016 267  1.003  -0.00  360.38    7.01    1.92  284.49
 2016 268  1.003   0.00    1.36    6.98  348.72  285.47
 2016 269  1.003   0.00    2.34    6.94  335.52  286.46
 2016 270  1.003   0.00    3.32    6.91  322.32  287.44
 2016 271  1.002   0.00    4.30    6.87  309.12  288.43
 2016 272  1.002   0.00    5.28    6.83  295.92  289.42
 2016 273  1.002   0.00    6.26    6.79  282.72  290.41
 2016 274  1.001   0.00    7.24    6.74  269.52  291.40
 2016 275  1.001   0.00    8.23    6.70  256.32  292.38
 2016 276  1.001   0.00    9.21    6.65  243.12  293.37
 2016 277  1.001   0.00   10.19    6.60  229.93  294.36
 2016 278  1.000   0.00   11.18    6.55  216.73  295.35
 2016 279  1.000   0.00   12.16    6.49  203.53  296.34
 2016 280  1.000   0.00   13.15    6.44  190.33  297.33
 2016 281  0.999   0.00   14.13    6.38  177.14  298.32
 2016 282  0.999   0.00   15.12    6.32  163.94  299.31
 2016 283  0.999   0.00   16.11    6.26  150.74  300.31
 2016 284  0.999   0.00   17.10    6.19  137.55  301.30
 2016 285  0.998   0.00   18.09    6.13  124.42  302.29
 2016 286  0.998   0.00   19.08    6.06  111.22  303.28
 2016 287  0.998   0.00   20.06    5.99   98.03  304.28
 2016 288  0.997   0.00   21.06    5.92   84.83  305.27
 2016 289  0.997   0.00   22.05    5.85   71.64  306.26
 2016 290  0.997   0.00   23.04    5.77   58.44  307.26
 2016 291  0.997   0.00   24.03    5.70   45.25  308.25
 2016 292  0.996   0.00   25.02    5.62   32.06  309.24
 2016 293  0.996   0.00   26.02    5.54   18.86  310.24
 2016 294  0.996   0.00   27.01    5.46    5.67  311.23
 2016 295  0.995   0.00   28.00    5.37  352.48  312.23
 2016 296  0.995   0.00   29.00    5.29  339.29  313.22
 2016 297  0.995   0.00   29.99    5.20  326.09  314.22
 2016 298  0.995   0.00   30.99    5.11  312.90  315.22
 2016 299  0.994   0.00   31.99    5.02  299.71  316.21
 2016 300  0.994   0.00   32.98    4.93  286.52  317.21
 2016 301  0.994   0.00   33.98    4.84  273.33  318.21
 2016 302  0.994   0.00   34.98    4.74  260.14  319.20
 2016 303  0.993   0.00   35.98    4.65  246.95  320.20
 2016 304  0.993   0.00   36.98    4.55  233.76  321.20
 2016 305  0.993   0.00   37.98    4.45  220.63  322.19
 2016 306  0.993   0.00   38.98    4.35  207.44  323.19
 2016 307  0.992   0.00   39.98    4.25  194.25  324.19
 2016 308  0.992   0.00   40.98    4.15  181.06  325.19
 2016 309  0.992   0.00   41.98    4.04  167.88  326.19
 2016 310  0.991   0.00   42.98    3.94  154.69  327.19
 2016 311  0.991   0.00   43.98    3.83  141.50  328.19
 2016 312  0.991   0.00   44.99    3.72  128.31  329.19
 2016 313  0.991   0.00   45.99    3.61  115.12  330.19
 2016 314  0.991   0.00   47.00    3.50  101.94  331.19
 2016 315  0.990   0.00   48.00    3.39   88.75  332.19
 2016 316  0.990   0.00   49.01    3.28   75.56  333.19
 2016 317  0.990   0.00   50.01    3.17   62.38  334.19
 2016 318  0.990   0.00   51.02    3.05   49.19  335.19
 2016 319  0.989   0.00   52.02    2.94   36.00  336.19
 2016 320  0.989   0.00   53.03    2.82   22.82  337.19
 2016 321  0.989   0.00   54.04    2.70    9.63  338.19
 2016 322  0.989   0.00   55.05    2.58  356.45  339.20
 2016 323  0.988   0.00   56.05    2.46  343.26  340.20
 2016 324  0.988   0.00   57.06    2.34  330.08  341.20
 2016 325  0.988   0.00   58.07    2.22  316.95  342.20
 2016 326  0.988   0.00   59.08    2.10  303.77  343.21
 2016 327  0.988   0.00   60.09    1.98  290.58  344.21
 2016 328  0.987   0.00   61.10    1.86  277.40  345.21
 2016 329  0.987   0.00   62.11    1.73  264.22  346.22
 2016 330  0.987   0.00   63.13    1.61  251.03  347.22
 2016 331  0.987   0.00   64.14    1.48  237.85  348.22
 2016 332  0.987   0.00   65.15    1.36  224.67  349.23
 2016 333  0.987   0.00   66.16    1.23  211.48  350.23
 2016 334  0.986   0.00   67.17    1.11  198.30  351.24
 2016 335  0.986   0.00   68.19    0.98  185.12  352.24
 2016 336  0.986   0.00   69.20    0.86  171.94  353.25
 2016 337  0.986   0.00   70.21    0.73  158.76  354.26
 2016 338  0.986   0.00   71.23    0.60  145.57  355.26
 2016 339  0.986   0.00   72.24    0.47  132.39  356.27
 2016 340  0.985   0.00   73.26    0.35  119.21  357.27
 2016 341  0.985   0.00   74.27    0.22  106.03  358.28
 2016 342  0.985   0.00   75.29    0.09   92.85  359.29
 2016 343  0.985   0.00   76.30   -0.04   79.67    0.30
 2016 344  0.985   0.00   77.32   -0.17   66.49    1.30
 2016 345  0.985   0.00   78.34   -0.29   53.37    2.31
 2016 346  0.985   0.00   79.35   -0.42   40.19    3.32
 2016 347  0.985   0.00   80.37   -0.55   27.02    4.33
 2016 348  0.984   0.00   81.38   -0.68   13.84    5.34
 2016 349  0.984   0.00   82.40   -0.80    0.66    6.35
 2016 350  0.984   0.00   83.42   -0.93  347.48    7.35
 2016 351  0.984   0.00   84.44   -1.06  334.30    8.36
 2016 352  0.984   0.00   85.45   -1.19  321.12    9.37
 2016 353  0.984   0.00   86.47   -1.31  307.95   10.38
 2016 354  0.984   0.00   87.49   -1.44  294.77   11.39
 2016 355  0.984   0.00   88.51   -1.56  281.59   12.41
 2016 356  0.984   0.00   89.53   -1.69  268.42   13.42
 2016 357  0.984   0.00   90.54   -1.81  255.24   14.43
 2016 358  0.984   0.00   91.56   -1.94  242.06   15.44
 2016 359  0.984   0.00   92.58   -2.06  228.89   16.45
 2016 360  0.984   0.00   93.60   -2.18  215.71   17.46
 2016 361  0.983   0.00   94.62   -2.30  202.54   18.47
 2016 362  0.983   0.00   95.64   -2.43  189.36   19.49
 2016 363  0.983   0.00   96.66   -2.55  176.19   20.50
 2016 364  0.983   0.00   97.68   -2.67  163.01   21.51
 2016 365  0.983   0.00   98.70   -2.79  149.90   22.53
 2016 366  0.983   0.00   99.71   -2.90  136.73   23.54
 2017   1  0.983   0.00  100.73   -3.02  123.55   24.55
