 YYYY DOY   AU     ELAT   ELON    HG_LAT  HG_LON  HGI_LON
 2016   1 19.928  -0.63   19.89    5.37  194.50  304.06
 2016   2 19.928  -0.63   19.90    5.37  180.32  304.07
 2016   3 19.928  -0.63   19.91    5.37  166.21  304.08
 2016   4 19.928  -0.63   19.92    5.37  152.03  304.09
 2016   5 19.928  -0.63   19.93    5.37  137.86  304.11
 2016   6 19.928  -0.63   19.94    5.37  123.68  304.12
 2016   7 19.927  -0.63   19.95    5.37  109.50  304.13
 2016   8 19.927  -0.63   19.96    5.37   95.33  304.14
 2016   9 19.927  -0.63   19.97    5.37   81.15  304.15
 2016  10 19.927  -0.63   19.98    5.37   66.97  304.16
 2016  11 19.927  -0.63   19.99    5.37   52.80  304.17
 2016  12 19.927  -0.63   20.01    5.37   38.62  304.18
 2016  13 19.927  -0.63   20.02    5.37   24.44  304.19
 2016  14 19.927  -0.63   20.03    5.36   10.27  304.20
 2016  15 19.927  -0.63   20.04    5.36  356.09  304.21
 2016  16 19.927  -0.63   20.05    5.36  341.91  304.23
 2016  17 19.927  -0.63   20.06    5.36  327.74  304.24
 2016  18 19.926  -0.63   20.07    5.36  313.56  304.25
 2016  19 19.926  -0.63   20.08    5.36  299.38  304.26
 2016  20 19.926  -0.63   20.09    5.36  285.21  304.27
 2016  21 19.926  -0.63   20.10    5.36  271.03  304.28
 2016  22 19.926  -0.63   20.11    5.36  256.85  304.29
 2016  23 19.926  -0.63   20.13    5.36  242.74  304.30
 2016  24 19.926  -0.63   20.14    5.36  228.56  304.31
 2016  25 19.926  -0.63   20.15    5.36  214.39  304.32
 2016  26 19.926  -0.63   20.16    5.36  200.21  304.33
 2016  27 19.926  -0.63   20.17    5.36  186.03  304.35
 2016  28 19.926  -0.63   20.18    5.36  171.86  304.36
 2016  29 19.925  -0.63   20.19    5.35  157.68  304.37
 2016  30 19.925  -0.63   20.20    5.35  143.50  304.38
 2016  31 19.925  -0.63   20.21    5.35  129.33  304.39
 2016  32 19.925  -0.63   20.22    5.35  115.15  304.40
 2016  33 19.925  -0.63   20.23    5.35  100.97  304.41
 2016  34 19.925  -0.63   20.25    5.35   86.80  304.42
 2016  35 19.925  -0.63   20.26    5.35   72.62  304.43
 2016  36 19.925  -0.63   20.27    5.35   58.44  304.44
 2016  37 19.925  -0.63   20.28    5.35   44.27  304.45
 2016  38 19.925  -0.63   20.29    5.35   30.09  304.47
 2016  39 19.924  -0.63   20.30    5.35   15.91  304.48
 2016  40 19.924  -0.63   20.31    5.35    1.74  304.49
 2016  41 19.924  -0.63   20.32    5.35  347.56  304.50
 2016  42 19.924  -0.63   20.33    5.35  333.38  304.51
 2016  43 19.924  -0.63   20.34    5.34  319.27  304.52
 2016  44 19.924  -0.63   20.35    5.34  305.09  304.53
 2016  45 19.924  -0.63   20.37    5.34  290.92  304.54
 2016  46 19.924  -0.63   20.38    5.34  276.74  304.55
 2016  47 19.924  -0.63   20.39    5.34  262.56  304.56
 2016  48 19.924  -0.63   20.40    5.34  248.39  304.57
 2016  49 19.924  -0.63   20.41    5.34  234.21  304.59
 2016  50 19.923  -0.63   20.42    5.34  220.03  304.60
 2016  51 19.923  -0.63   20.43    5.34  205.86  304.61
 2016  52 19.923  -0.63   20.44    5.34  191.68  304.62
 2016  53 19.923  -0.63   20.45    5.34  177.50  304.63
 2016  54 19.923  -0.63   20.46    5.34  163.33  304.64
 2016  55 19.923  -0.63   20.48    5.34  149.15  304.65
 2016  56 19.923  -0.63   20.49    5.34  134.97  304.66
 2016  57 19.923  -0.63   20.50    5.34  120.80  304.67
 2016  58 19.923  -0.63   20.51    5.33  106.62  304.68
 2016  59 19.923  -0.63   20.52    5.33   92.44  304.69
 2016  60 19.922  -0.63   20.53    5.33   78.27  304.71
 2016  61 19.922  -0.63   20.54    5.33   64.09  304.72
 2016  62 19.922  -0.63   20.55    5.33   49.91  304.73
 2016  63 19.922  -0.63   20.56    5.33   35.80  304.74
 2016  64 19.922  -0.63   20.57    5.33   21.62  304.75
 2016  65 19.922  -0.63   20.58    5.33    7.45  304.76
 2016  66 19.922  -0.63   20.60    5.33  353.27  304.77
 2016  67 19.922  -0.63   20.61    5.33  339.09  304.78
 2016  68 19.922  -0.63   20.62    5.33  324.92  304.79
 2016  69 19.922  -0.63   20.63    5.33  310.74  304.80
 2016  70 19.922  -0.63   20.64    5.33  296.56  304.81
 2016  71 19.921  -0.63   20.65    5.33  282.39  304.83
 2016  72 19.921  -0.63   20.66    5.32  268.21  304.84
 2016  73 19.921  -0.63   20.67    5.32  254.03  304.85
 2016  74 19.921  -0.63   20.68    5.32  239.86  304.86
 2016  75 19.921  -0.63   20.69    5.32  225.68  304.87
 2016  76 19.921  -0.63   20.70    5.32  211.51  304.88
 2016  77 19.921  -0.62   20.72    5.32  197.33  304.89
 2016  78 19.921  -0.62   20.73    5.32  183.15  304.90
 2016  79 19.921  -0.62   20.74    5.32  168.98  304.91
 2016  80 19.921  -0.62   20.75    5.32  154.80  304.92
 2016  81 19.920  -0.62   20.76    5.32  140.62  304.93
 2016  82 19.920  -0.62   20.77    5.32  126.45  304.95
 2016  83 19.920  -0.62   20.78    5.32  112.33  304.96
 2016  84 19.920  -0.62   20.79    5.32   98.15  304.97
 2016  85 19.920  -0.62   20.80    5.32   83.98  304.98
 2016  86 19.920  -0.62   20.81    5.31   69.80  304.99
 2016  87 19.920  -0.62   20.83    5.31   55.63  305.00
 2016  88 19.920  -0.62   20.84    5.31   41.45  305.01
 2016  89 19.920  -0.62   20.85    5.31   27.27  305.02
 2016  90 19.920  -0.62   20.86    5.31   13.10  305.03
 2016  91 19.920  -0.62   20.87    5.31  358.92  305.04
 2016  92 19.919  -0.62   20.88    5.31  344.74  305.05
 2016  93 19.919  -0.62   20.89    5.31  330.57  305.07
 2016  94 19.919  -0.62   20.90    5.31  316.39  305.08
 2016  95 19.919  -0.62   20.91    5.31  302.21  305.09
 2016  96 19.919  -0.62   20.92    5.31  288.04  305.10
 2016  97 19.919  -0.62   20.93    5.31  273.86  305.11
 2016  98 19.919  -0.62   20.95    5.31  259.68  305.12
 2016  99 19.919  -0.62   20.96    5.31  245.51  305.13
 2016 100 19.919  -0.62   20.97    5.31  231.33  305.14
 2016 101 19.919  -0.62   20.98    5.30  217.15  305.15
 2016 102 19.918  -0.62   20.99    5.30  202.98  305.16
 2016 103 19.918  -0.62   21.00    5.30  188.86  305.17
 2016 104 19.918  -0.62   21.01    5.30  174.69  305.19
 2016 105 19.918  -0.62   21.02    5.30  160.51  305.20
 2016 106 19.918  -0.62   21.03    5.30  146.33  305.21
 2016 107 19.918  -0.62   21.04    5.30  132.16  305.22
 2016 108 19.918  -0.62   21.05    5.30  117.98  305.23
 2016 109 19.918  -0.62   21.07    5.30  103.80  305.24
 2016 110 19.918  -0.62   21.08    5.30   89.63  305.25
 2016 111 19.918  -0.62   21.09    5.30   75.45  305.26
 2016 112 19.917  -0.62   21.10    5.30   61.27  305.27
 2016 113 19.917  -0.62   21.11    5.30   47.10  305.28
 2016 114 19.917  -0.62   21.12    5.30   32.92  305.30
 2016 115 19.917  -0.62   21.13    5.29   18.74  305.31
 2016 116 19.917  -0.62   21.14    5.29    4.57  305.32
 2016 117 19.917  -0.62   21.15    5.29  350.39  305.33
 2016 118 19.917  -0.62   21.16    5.29  336.21  305.34
 2016 119 19.917  -0.62   21.17    5.29  322.04  305.35
 2016 120 19.917  -0.62   21.19    5.29  307.86  305.36
 2016 121 19.917  -0.62   21.20    5.29  293.68  305.37
 2016 122 19.917  -0.62   21.21    5.29  279.51  305.38
 2016 123 19.916  -0.62   21.22    5.29  265.33  305.39
 2016 124 19.916  -0.62   21.23    5.29  251.22  305.40
 2016 125 19.916  -0.62   21.24    5.29  237.04  305.42
 2016 126 19.916  -0.62   21.25    5.29  222.86  305.43
 2016 127 19.916  -0.62   21.26    5.29  208.69  305.44
 2016 128 19.916  -0.62   21.27    5.29  194.51  305.45
 2016 129 19.916  -0.62   21.28    5.28  180.33  305.46
 2016 130 19.916  -0.62   21.30    5.28  166.16  305.47
 2016 131 19.916  -0.62   21.31    5.28  151.98  305.48
 2016 132 19.916  -0.62   21.32    5.28  137.80  305.49
 2016 133 19.915  -0.62   21.33    5.28  123.63  305.50
 2016 134 19.915  -0.62   21.34    5.28  109.45  305.51
 2016 135 19.915  -0.62   21.35    5.28   95.27  305.52
 2016 136 19.915  -0.62   21.36    5.28   81.10  305.54
 2016 137 19.915  -0.62   21.37    5.28   66.92  305.55
 2016 138 19.915  -0.62   21.38    5.28   52.74  305.56
 2016 139 19.915  -0.62   21.39    5.28   38.57  305.57
 2016 140 19.915  -0.62   21.40    5.28   24.39  305.58
 2016 141 19.915  -0.62   21.42    5.28   10.22  305.59
 2016 142 19.915  -0.62   21.43    5.28  356.04  305.60
 2016 143 19.914  -0.62   21.44    5.27  341.86  305.61
 2016 144 19.914  -0.62   21.45    5.27  327.75  305.62
 2016 145 19.914  -0.62   21.46    5.27  313.57  305.63
 2016 146 19.914  -0.62   21.47    5.27  299.39  305.64
 2016 147 19.914  -0.62   21.48    5.27  285.22  305.66
 2016 148 19.914  -0.62   21.49    5.27  271.04  305.67
 2016 149 19.914  -0.62   21.50    5.27  256.86  305.68
 2016 150 19.914  -0.62   21.51    5.27  242.69  305.69
 2016 151 19.914  -0.62   21.53    5.27  228.51  305.70
 2016 152 19.914  -0.62   21.54    5.27  214.34  305.71
 2016 153 19.913  -0.62   21.55    5.27  200.16  305.72
 2016 154 19.913  -0.62   21.56    5.27  185.98  305.73
 2016 155 19.913  -0.62   21.57    5.27  171.81  305.74
 2016 156 19.913  -0.62   21.58    5.27  157.63  305.75
 2016 157 19.913  -0.62   21.59    5.26  143.45  305.76
 2016 158 19.913  -0.62   21.60    5.26  129.28  305.78
 2016 159 19.913  -0.62   21.61    5.26  115.10  305.79
 2016 160 19.913  -0.62   21.62    5.26  100.92  305.80
 2016 161 19.913  -0.62   21.63    5.26   86.75  305.81
 2016 162 19.913  -0.62   21.65    5.26   72.57  305.82
 2016 163 19.913  -0.62   21.66    5.26   58.39  305.83
 2016 164 19.912  -0.62   21.67    5.26   44.28  305.84
 2016 165 19.912  -0.62   21.68    5.26   30.10  305.85
 2016 166 19.912  -0.62   21.69    5.26   15.93  305.86
 2016 167 19.912  -0.62   21.70    5.26    1.75  305.87
 2016 168 19.912  -0.62   21.71    5.26  347.57  305.89
 2016 169 19.912  -0.62   21.72    5.26  333.40  305.90
 2016 170 19.912  -0.62   21.73    5.26  319.22  305.91
 2016 171 19.912  -0.62   21.74    5.25  305.04  305.92
 2016 172 19.912  -0.62   21.75    5.25  290.87  305.93
 2016 173 19.912  -0.62   21.77    5.25  276.69  305.94
 2016 174 19.911  -0.62   21.78    5.25  262.51  305.95
 2016 175 19.911  -0.62   21.79    5.25  248.34  305.96
 2016 176 19.911  -0.62   21.80    5.25  234.16  305.97
 2016 177 19.911  -0.62   21.81    5.25  219.98  305.98
 2016 178 19.911  -0.62   21.82    5.25  205.81  305.99
 2016 179 19.911  -0.62   21.83    5.25  191.63  306.01
 2016 180 19.911  -0.62   21.84    5.25  177.45  306.02
 2016 181 19.911  -0.62   21.85    5.25  163.28  306.03
 2016 182 19.911  -0.62   21.86    5.25  149.10  306.04
 2016 183 19.911  -0.62   21.88    5.25  134.92  306.05
 2016 184 19.910  -0.62   21.89    5.25  120.81  306.06
 2016 185 19.910  -0.62   21.90    5.24  106.63  306.07
 2016 186 19.910  -0.62   21.91    5.24   92.46  306.08
 2016 187 19.910  -0.62   21.92    5.24   78.28  306.09
 2016 188 19.910  -0.62   21.93    5.24   64.10  306.10
 2016 189 19.910  -0.62   21.94    5.24   49.93  306.11
 2016 190 19.910  -0.62   21.95    5.24   35.75  306.13
 2016 191 19.910  -0.62   21.96    5.24   21.57  306.14
 2016 192 19.910  -0.61   21.97    5.24    7.40  306.15
 2016 193 19.910  -0.61   21.98    5.24  353.22  306.16
 2016 194 19.909  -0.61   22.00    5.24  339.04  306.17
 2016 195 19.909  -0.61   22.01    5.24  324.87  306.18
 2016 196 19.909  -0.61   22.02    5.24  310.69  306.19
 2016 197 19.909  -0.61   22.03    5.24  296.51  306.20
 2016 198 19.909  -0.61   22.04    5.24  282.34  306.21
 2016 199 19.909  -0.61   22.05    5.23  268.16  306.22
 2016 200 19.909  -0.61   22.06    5.23  253.98  306.23
 2016 201 19.909  -0.61   22.07    5.23  239.81  306.25
 2016 202 19.909  -0.61   22.08    5.23  225.63  306.26
 2016 203 19.909  -0.61   22.09    5.23  211.46  306.27
 2016 204 19.908  -0.61   22.11    5.23  197.34  306.28
 2016 205 19.908  -0.61   22.12    5.23  183.16  306.29
 2016 206 19.908  -0.61   22.13    5.23  168.99  306.30
 2016 207 19.908  -0.61   22.14    5.23  154.81  306.31
 2016 208 19.908  -0.61   22.15    5.23  140.63  306.32
 2016 209 19.908  -0.61   22.16    5.23  126.46  306.33
 2016 210 19.908  -0.61   22.17    5.23  112.28  306.34
 2016 211 19.908  -0.61   22.18    5.23   98.10  306.35
 2016 212 19.908  -0.61   22.19    5.22   83.93  306.37
 2016 213 19.908  -0.61   22.20    5.22   69.75  306.38
 2016 214 19.907  -0.61   22.21    5.22   55.58  306.39
 2016 215 19.907  -0.61   22.23    5.22   41.40  306.40
 2016 216 19.907  -0.61   22.24    5.22   27.22  306.41
 2016 217 19.907  -0.61   22.25    5.22   13.05  306.42
 2016 218 19.907  -0.61   22.26    5.22  358.87  306.43
 2016 219 19.907  -0.61   22.27    5.22  344.69  306.44
 2016 220 19.907  -0.61   22.28    5.22  330.52  306.45
 2016 221 19.907  -0.61   22.29    5.22  316.34  306.46
 2016 222 19.907  -0.61   22.30    5.22  302.16  306.48
 2016 223 19.907  -0.61   22.31    5.22  287.99  306.49
 2016 224 19.906  -0.61   22.32    5.22  273.87  306.50
 2016 225 19.906  -0.61   22.34    5.22  259.70  306.51
 2016 226 19.906  -0.61   22.35    5.21  245.52  306.52
 2016 227 19.906  -0.61   22.36    5.21  231.34  306.53
 2016 228 19.906  -0.61   22.37    5.21  217.17  306.54
 2016 229 19.906  -0.61   22.38    5.21  202.99  306.55
 2016 230 19.906  -0.61   22.39    5.21  188.81  306.56
 2016 231 19.906  -0.61   22.40    5.21  174.64  306.57
 2016 232 19.906  -0.61   22.41    5.21  160.46  306.58
 2016 233 19.906  -0.61   22.42    5.21  146.28  306.60
 2016 234 19.905  -0.61   22.43    5.21  132.11  306.61
 2016 235 19.905  -0.61   22.44    5.21  117.93  306.62
 2016 236 19.905  -0.61   22.46    5.21  103.75  306.63
 2016 237 19.905  -0.61   22.47    5.21   89.58  306.64
 2016 238 19.905  -0.61   22.48    5.21   75.40  306.65
 2016 239 19.905  -0.61   22.49    5.21   61.22  306.66
 2016 240 19.905  -0.61   22.50    5.20   47.05  306.67
 2016 241 19.905  -0.61   22.51    5.20   32.87  306.68
 2016 242 19.905  -0.61   22.52    5.20   18.69  306.69
 2016 243 19.905  -0.61   22.53    5.20    4.52  306.70
 2016 244 19.904  -0.61   22.54    5.20  350.34  306.72
 2016 245 19.904  -0.61   22.55    5.20  336.23  306.73
 2016 246 19.904  -0.61   22.56    5.20  322.05  306.74
 2016 247 19.904  -0.61   22.58    5.20  307.87  306.75
 2016 248 19.904  -0.61   22.59    5.20  293.70  306.76
 2016 249 19.904  -0.61   22.60    5.20  279.52  306.77
 2016 250 19.904  -0.61   22.61    5.20  265.34  306.78
 2016 251 19.904  -0.61   22.62    5.20  251.17  306.79
 2016 252 19.904  -0.61   22.63    5.20  236.99  306.80
 2016 253 19.904  -0.61   22.64    5.19  222.81  306.81
 2016 254 19.903  -0.61   22.65    5.19  208.64  306.83
 2016 255 19.903  -0.61   22.66    5.19  194.46  306.84
 2016 256 19.903  -0.61   22.67    5.19  180.28  306.85
 2016 257 19.903  -0.61   22.69    5.19  166.11  306.86
 2016 258 19.903  -0.61   22.70    5.19  151.93  306.87
 2016 259 19.903  -0.61   22.71    5.19  137.75  306.88
 2016 260 19.903  -0.61   22.72    5.19  123.58  306.89
 2016 261 19.903  -0.61   22.73    5.19  109.40  306.90
 2016 262 19.903  -0.61   22.74    5.19   95.23  306.91
 2016 263 19.903  -0.61   22.75    5.19   81.05  306.92
 2016 264 19.902  -0.61   22.76    5.19   66.87  306.93
 2016 265 19.902  -0.61   22.77    5.19   52.76  306.95
 2016 266 19.902  -0.61   22.78    5.19   38.58  306.96
 2016 267 19.902  -0.61   22.79    5.18   24.40  306.97
 2016 268 19.902  -0.61   22.81    5.18   10.23  306.98
 2016 269 19.902  -0.61   22.82    5.18  356.05  306.99
 2016 270 19.902  -0.61   22.83    5.18  341.88  307.00
 2016 271 19.902  -0.61   22.84    5.18  327.70  307.01
 2016 272 19.902  -0.61   22.85    5.18  313.52  307.02
 2016 273 19.902  -0.61   22.86    5.18  299.35  307.03
 2016 274 19.901  -0.61   22.87    5.18  285.17  307.04
 2016 275 19.901  -0.61   22.88    5.18  270.99  307.05
 2016 276 19.901  -0.61   22.89    5.18  256.82  307.07
 2016 277 19.901  -0.61   22.90    5.18  242.64  307.08
 2016 278 19.901  -0.61   22.92    5.18  228.46  307.09
 2016 279 19.901  -0.61   22.93    5.18  214.29  307.10
 2016 280 19.901  -0.61   22.94    5.18  200.11  307.11
 2016 281 19.901  -0.61   22.95    5.17  185.93  307.12
 2016 282 19.901  -0.61   22.96    5.17  171.76  307.13
 2016 283 19.900  -0.61   22.97    5.17  157.58  307.14
 2016 284 19.900  -0.61   22.98    5.17  143.40  307.15
 2016 285 19.900  -0.61   22.99    5.17  129.29  307.16
 2016 286 19.900  -0.61   23.00    5.17  115.11  307.18
 2016 287 19.900  -0.61   23.01    5.17  100.94  307.19
 2016 288 19.900  -0.61   23.03    5.17   86.76  307.20
 2016 289 19.900  -0.61   23.04    5.17   72.58  307.21
 2016 290 19.900  -0.61   23.05    5.17   58.41  307.22
 2016 291 19.900  -0.61   23.06    5.17   44.23  307.23
 2016 292 19.900  -0.61   23.07    5.17   30.05  307.24
 2016 293 19.899  -0.61   23.08    5.17   15.88  307.25
 2016 294 19.899  -0.61   23.09    5.16    1.70  307.26
 2016 295 19.899  -0.61   23.10    5.16  347.52  307.27
 2016 296 19.899  -0.61   23.11    5.16  333.35  307.28
 2016 297 19.899  -0.61   23.12    5.16  319.17  307.30
 2016 298 19.899  -0.61   23.13    5.16  304.99  307.31
 2016 299 19.899  -0.61   23.15    5.16  290.82  307.32
 2016 300 19.899  -0.61   23.16    5.16  276.64  307.33
 2016 301 19.899  -0.61   23.17    5.16  262.46  307.34
 2016 302 19.899  -0.61   23.18    5.16  248.29  307.35
 2016 303 19.898  -0.60   23.19    5.16  234.11  307.36
 2016 304 19.898  -0.60   23.20    5.16  219.93  307.37
 2016 305 19.898  -0.60   23.21    5.16  205.82  307.38
 2016 306 19.898  -0.60   23.22    5.16  191.64  307.39
 2016 307 19.898  -0.60   23.23    5.16  177.47  307.40
 2016 308 19.898  -0.60   23.24    5.15  163.29  307.42
 2016 309 19.898  -0.60   23.26    5.15  149.11  307.43
 2016 310 19.898  -0.60   23.27    5.15  134.94  307.44
 2016 311 19.898  -0.60   23.28    5.15  120.76  307.45
 2016 312 19.898  -0.60   23.29    5.15  106.58  307.46
 2016 313 19.897  -0.60   23.30    5.15   92.41  307.47
 2016 314 19.897  -0.60   23.31    5.15   78.23  307.48
 2016 315 19.897  -0.60   23.32    5.15   64.05  307.49
 2016 316 19.897  -0.60   23.33    5.15   49.88  307.50
 2016 317 19.897  -0.60   23.34    5.15   35.70  307.51
 2016 318 19.897  -0.60   23.35    5.15   21.53  307.53
 2016 319 19.897  -0.60   23.36    5.15    7.35  307.54
 2016 320 19.897  -0.60   23.38    5.15  353.17  307.55
 2016 321 19.897  -0.60   23.39    5.14  339.00  307.56
 2016 322 19.896  -0.60   23.40    5.14  324.82  307.57
 2016 323 19.896  -0.60   23.41    5.14  310.64  307.58
 2016 324 19.896  -0.60   23.42    5.14  296.47  307.59
 2016 325 19.896  -0.60   23.43    5.14  282.35  307.60
 2016 326 19.896  -0.60   23.44    5.14  268.18  307.61
 2016 327 19.896  -0.60   23.45    5.14  254.00  307.62
 2016 328 19.896  -0.60   23.46    5.14  239.82  307.63
 2016 329 19.896  -0.60   23.47    5.14  225.65  307.65
 2016 330 19.896  -0.60   23.49    5.14  211.47  307.66
 2016 331 19.896  -0.60   23.50    5.14  197.29  307.67
 2016 332 19.895  -0.60   23.51    5.14  183.12  307.68
 2016 333 19.895  -0.60   23.52    5.14  168.94  307.69
 2016 334 19.895  -0.60   23.53    5.13  154.76  307.70
 2016 335 19.895  -0.60   23.54    5.13  140.59  307.71
 2016 336 19.895  -0.60   23.55    5.13  126.41  307.72
 2016 337 19.895  -0.60   23.56    5.13  112.23  307.73
 2016 338 19.895  -0.60   23.57    5.13   98.06  307.74
 2016 339 19.895  -0.60   23.58    5.13   83.88  307.75
 2016 340 19.895  -0.60   23.59    5.13   69.70  307.77
 2016 341 19.895  -0.60   23.61    5.13   55.53  307.78
 2016 342 19.894  -0.60   23.62    5.13   41.35  307.79
 2016 343 19.894  -0.60   23.63    5.13   27.17  307.80
 2016 344 19.894  -0.60   23.64    5.13   13.00  307.81
 2016 345 19.894  -0.60   23.65    5.13  358.88  307.82
 2016 346 19.894  -0.60   23.66    5.13  344.71  307.83
 2016 347 19.894  -0.60   23.67    5.13  330.53  307.84
 2016 348 19.894  -0.60   23.68    5.12  316.35  307.85
 2016 349 19.894  -0.60   23.69    5.12  302.18  307.86
 2016 350 19.894  -0.60   23.70    5.12  288.00  307.88
 2016 351 19.893  -0.60   23.72    5.12  273.82  307.89
 2016 352 19.893  -0.60   23.73    5.12  259.65  307.90
 2016 353 19.893  -0.60   23.74    5.12  245.47  307.91
 2016 354 19.893  -0.60   23.75    5.12  231.29  307.92
 2016 355 19.893  -0.60   23.76    5.12  217.12  307.93
 2016 356 19.893  -0.60   23.77    5.12  202.94  307.94
 2016 357 19.893  -0.60   23.78    5.12  188.76  307.95
 2016 358 19.893  -0.60   23.79    5.12  174.59  307.96
 2016 359 19.893  -0.60   23.80    5.12  160.41  307.97
 2016 360 19.893  -0.60   23.81    5.12  146.23  307.98
 2016 361 19.892  -0.60   23.83    5.11  132.06  308.00
 2016 362 19.892  -0.60   23.84    5.11  117.88  308.01
 2016 363 19.892  -0.60   23.85    5.11  103.70  308.02
 2016 364 19.892  -0.60   23.86    5.11   89.53  308.03
 2016 365 19.892  -0.60   23.87    5.11   75.41  308.04
 2016 366 19.892  -0.60   23.88    5.11   61.24  308.05
 2017   1 19.892  -0.60   23.89    5.11   47.06  308.06
