 YYYY DOY   AU     ELAT   ELON    HG_LAT  HG_LON  HGI_LON
 2019   1 29.867  -0.98  346.03    6.25   94.37  269.99
 2019   2 29.867  -0.98  346.03    6.25   80.19  270.00
 2019   3 29.867  -0.98  346.04    6.25   66.00  270.00
 2019   4 29.867  -0.98  346.04    6.25   51.82  270.01
 2019   5 29.867  -0.98  346.05    6.25   37.64  270.02
 2019   6 29.867  -0.98  346.06    6.25   23.46  270.02
 2019   7 29.867  -0.99  346.06    6.25    9.28  270.03
 2019   8 29.867  -0.99  346.07    6.25  355.10  270.03
 2019   9 29.867  -0.99  346.07    6.25  340.92  270.04
 2019  10 29.867  -0.99  346.08    6.25  326.73  270.05
 2019  11 29.867  -0.99  346.09    6.25  312.55  270.05
 2019  12 29.867  -0.99  346.09    6.25  298.37  270.06
 2019  13 29.867  -0.99  346.10    6.25  284.19  270.06
 2019  14 29.867  -0.99  346.11    6.25  270.01  270.07
 2019  15 29.867  -0.99  346.11    6.25  255.89  270.08
 2019  16 29.867  -0.99  346.12    6.25  241.71  270.08
 2019  17 29.867  -0.99  346.12    6.25  227.53  270.09
 2019  18 29.867  -0.99  346.13    6.25  213.35  270.10
 2019  19 29.866  -0.99  346.14    6.25  199.16  270.10
 2019  20 29.866  -0.99  346.14    6.25  184.98  270.11
 2019  21 29.866  -0.99  346.15    6.25  170.80  270.11
 2019  22 29.866  -0.99  346.15    6.25  156.62  270.12
 2019  23 29.866  -0.99  346.16    6.25  142.44  270.13
 2019  24 29.866  -0.99  346.17    6.25  128.26  270.13
 2019  25 29.866  -0.99  346.17    6.25  114.08  270.14
 2019  26 29.866  -0.99  346.18    6.25   99.89  270.14
 2019  27 29.866  -0.99  346.18    6.25   85.71  270.15
 2019  28 29.866  -0.99  346.19    6.25   71.53  270.16
 2019  29 29.866  -0.99  346.20    6.25   57.35  270.16
 2019  30 29.866  -0.99  346.20    6.25   43.17  270.17
 2019  31 29.866  -0.99  346.21    6.25   28.99  270.17
 2019  32 29.866  -0.99  346.21    6.25   14.81  270.18
 2019  33 29.866  -0.99  346.22    6.25    0.62  270.19
 2019  34 29.866  -0.99  346.23    6.25  346.44  270.19
 2019  35 29.866  -0.99  346.23    6.25  332.32  270.20
 2019  36 29.866  -0.99  346.24    6.25  318.14  270.21
 2019  37 29.866  -0.99  346.25    6.25  303.96  270.21
 2019  38 29.866  -0.99  346.25    6.25  289.78  270.22
 2019  39 29.866  -0.99  346.26    6.25  275.60  270.22
 2019  40 29.866  -0.99  346.26    6.25  261.42  270.23
 2019  41 29.866  -0.99  346.27    6.25  247.24  270.24
 2019  42 29.866  -0.99  346.28    6.25  233.05  270.24
 2019  43 29.866  -0.99  346.28    6.25  218.87  270.25
 2019  44 29.866  -0.99  346.29    6.25  204.69  270.25
 2019  45 29.866  -0.99  346.29    6.25  190.51  270.26
 2019  46 29.866  -0.99  346.30    6.25  176.33  270.27
 2019  47 29.866  -0.99  346.31    6.25  162.15  270.27
 2019  48 29.866  -0.99  346.31    6.25  147.97  270.28
 2019  49 29.866  -0.99  346.32    6.25  133.78  270.28
 2019  50 29.866  -0.99  346.32    6.25  119.60  270.29
 2019  51 29.866  -0.99  346.33    6.25  105.42  270.30
 2019  52 29.866  -0.99  346.34    6.25   91.24  270.30
 2019  53 29.866  -0.99  346.34    6.25   77.06  270.31
 2019  54 29.865  -0.99  346.35    6.25   62.88  270.31
 2019  55 29.865  -0.99  346.36    6.25   48.76  270.32
 2019  56 29.865  -0.99  346.36    6.25   34.58  270.33
 2019  57 29.865  -0.99  346.37    6.25   20.40  270.33
 2019  58 29.865  -0.99  346.37    6.25    6.21  270.34
 2019  59 29.865  -0.99  346.38    6.25  352.03  270.35
 2019  60 29.865  -0.99  346.39    6.25  337.85  270.35
 2019  61 29.865  -0.99  346.39    6.25  323.67  270.36
 2019  62 29.865  -0.99  346.40    6.24  309.49  270.36
 2019  63 29.865  -0.99  346.40    6.24  295.31  270.37
 2019  64 29.865  -0.99  346.41    6.24  281.13  270.38
 2019  65 29.865  -0.99  346.42    6.24  266.94  270.38
 2019  66 29.865  -0.99  346.42    6.24  252.76  270.39
 2019  67 29.865  -0.99  346.43    6.24  238.58  270.39
 2019  68 29.865  -0.99  346.43    6.24  224.40  270.40
 2019  69 29.865  -0.99  346.44    6.24  210.22  270.41
 2019  70 29.865  -0.99  346.45    6.24  196.04  270.41
 2019  71 29.865  -0.99  346.45    6.24  181.86  270.42
 2019  72 29.865  -1.00  346.46    6.24  167.67  270.42
 2019  73 29.865  -1.00  346.47    6.24  153.49  270.43
 2019  74 29.865  -1.00  346.47    6.24  139.31  270.44
 2019  75 29.865  -1.00  346.48    6.24  125.19  270.44
 2019  76 29.865  -1.00  346.48    6.24  111.01  270.45
 2019  77 29.865  -1.00  346.49    6.24   96.83  270.46
 2019  78 29.865  -1.00  346.50    6.24   82.65  270.46
 2019  79 29.865  -1.00  346.50    6.24   68.47  270.47
 2019  80 29.865  -1.00  346.51    6.24   54.29  270.47
 2019  81 29.865  -1.00  346.51    6.24   40.10  270.48
 2019  82 29.865  -1.00  346.52    6.24   25.92  270.49
 2019  83 29.865  -1.00  346.53    6.24   11.74  270.49
 2019  84 29.865  -1.00  346.53    6.24  357.56  270.50
 2019  85 29.865  -1.00  346.54    6.24  343.38  270.50
 2019  86 29.865  -1.00  346.54    6.24  329.20  270.51
 2019  87 29.865  -1.00  346.55    6.24  315.02  270.52
 2019  88 29.865  -1.00  346.56    6.24  300.83  270.52
 2019  89 29.864  -1.00  346.56    6.24  286.65  270.53
 2019  90 29.864  -1.00  346.57    6.24  272.47  270.53
 2019  91 29.864  -1.00  346.58    6.24  258.29  270.54
 2019  92 29.864  -1.00  346.58    6.24  244.11  270.55
 2019  93 29.864  -1.00  346.59    6.24  229.93  270.55
 2019  94 29.864  -1.00  346.59    6.24  215.75  270.56
 2019  95 29.864  -1.00  346.60    6.24  201.63  270.56
 2019  96 29.864  -1.00  346.61    6.24  187.45  270.57
 2019  97 29.864  -1.00  346.61    6.24  173.26  270.58
 2019  98 29.864  -1.00  346.62    6.24  159.08  270.58
 2019  99 29.864  -1.00  346.62    6.24  144.90  270.59
 2019 100 29.864  -1.00  346.63    6.24  130.72  270.60
 2019 101 29.864  -1.00  346.64    6.24  116.54  270.60
 2019 102 29.864  -1.00  346.64    6.24  102.36  270.61
 2019 103 29.864  -1.00  346.65    6.24   88.18  270.61
 2019 104 29.864  -1.00  346.65    6.24   73.99  270.62
 2019 105 29.864  -1.00  346.66    6.24   59.81  270.63
 2019 106 29.864  -1.00  346.67    6.24   45.63  270.63
 2019 107 29.864  -1.00  346.67    6.24   31.45  270.64
 2019 108 29.864  -1.00  346.68    6.24   17.27  270.64
 2019 109 29.864  -1.00  346.68    6.24    3.09  270.65
 2019 110 29.864  -1.00  346.69    6.24  348.91  270.66
 2019 111 29.864  -1.00  346.70    6.24  334.73  270.66
 2019 112 29.864  -1.00  346.70    6.24  320.54  270.67
 2019 113 29.864  -1.00  346.71    6.24  306.36  270.67
 2019 114 29.864  -1.00  346.72    6.24  292.18  270.68
 2019 115 29.864  -1.00  346.72    6.24  278.00  270.69
 2019 116 29.864  -1.00  346.73    6.24  263.88  270.69
 2019 117 29.864  -1.00  346.73    6.24  249.70  270.70
 2019 118 29.864  -1.00  346.74    6.24  235.52  270.71
 2019 119 29.864  -1.00  346.75    6.24  221.34  270.71
 2019 120 29.864  -1.00  346.75    6.24  207.15  270.72
 2019 121 29.864  -1.00  346.76    6.24  192.97  270.72
 2019 122 29.864  -1.00  346.76    6.24  178.79  270.73
 2019 123 29.864  -1.00  346.77    6.23  164.61  270.74
 2019 124 29.863  -1.00  346.78    6.23  150.43  270.74
 2019 125 29.863  -1.00  346.78    6.23  136.25  270.75
 2019 126 29.863  -1.00  346.79    6.23  122.07  270.75
 2019 127 29.863  -1.00  346.79    6.23  107.89  270.76
 2019 128 29.863  -1.00  346.80    6.23   93.70  270.77
 2019 129 29.863  -1.00  346.81    6.23   79.52  270.77
 2019 130 29.863  -1.00  346.81    6.23   65.34  270.78
 2019 131 29.863  -1.00  346.82    6.23   51.16  270.78
 2019 132 29.863  -1.00  346.83    6.23   36.98  270.79
 2019 133 29.863  -1.00  346.83    6.23   22.80  270.80
 2019 134 29.863  -1.00  346.84    6.23    8.62  270.80
 2019 135 29.863  -1.00  346.84    6.23  354.43  270.81
 2019 136 29.863  -1.00  346.85    6.23  340.32  270.82
 2019 137 29.863  -1.01  346.86    6.23  326.13  270.82
 2019 138 29.863  -1.01  346.86    6.23  311.95  270.83
 2019 139 29.863  -1.01  346.87    6.23  297.77  270.83
 2019 140 29.863  -1.01  346.87    6.23  283.59  270.84
 2019 141 29.863  -1.01  346.88    6.23  269.41  270.85
 2019 142 29.863  -1.01  346.89    6.23  255.23  270.85
 2019 143 29.863  -1.01  346.89    6.23  241.05  270.86
 2019 144 29.863  -1.01  346.90    6.23  226.86  270.86
 2019 145 29.863  -1.01  346.90    6.23  212.68  270.87
 2019 146 29.863  -1.01  346.91    6.23  198.50  270.88
 2019 147 29.863  -1.01  346.92    6.23  184.32  270.88
 2019 148 29.863  -1.01  346.92    6.23  170.14  270.89
 2019 149 29.863  -1.01  346.93    6.23  155.96  270.89
 2019 150 29.863  -1.01  346.94    6.23  141.78  270.90
 2019 151 29.863  -1.01  346.94    6.23  127.59  270.91
 2019 152 29.863  -1.01  346.95    6.23  113.41  270.91
 2019 153 29.863  -1.01  346.95    6.23   99.23  270.92
 2019 154 29.863  -1.01  346.96    6.23   85.05  270.92
 2019 155 29.863  -1.01  346.97    6.23   70.87  270.93
 2019 156 29.863  -1.01  346.97    6.23   56.75  270.94
 2019 157 29.863  -1.01  346.98    6.23   42.57  270.94
 2019 158 29.863  -1.01  346.98    6.23   28.39  270.95
 2019 159 29.862  -1.01  346.99    6.23   14.21  270.96
 2019 160 29.862  -1.01  347.00    6.23    0.02  270.96
 2019 161 29.862  -1.01  347.00    6.23  345.84  270.97
 2019 162 29.862  -1.01  347.01    6.23  331.66  270.97
 2019 163 29.862  -1.01  347.01    6.23  317.48  270.98
 2019 164 29.862  -1.01  347.02    6.23  303.30  270.99
 2019 165 29.862  -1.01  347.03    6.23  289.12  270.99
 2019 166 29.862  -1.01  347.03    6.23  274.94  271.00
 2019 167 29.862  -1.01  347.04    6.23  260.75  271.00
 2019 168 29.862  -1.01  347.05    6.23  246.57  271.01
 2019 169 29.862  -1.01  347.05    6.23  232.39  271.02
 2019 170 29.862  -1.01  347.06    6.23  218.21  271.02
 2019 171 29.862  -1.01  347.06    6.23  204.03  271.03
 2019 172 29.862  -1.01  347.07    6.23  189.85  271.03
 2019 173 29.862  -1.01  347.08    6.23  175.67  271.04
 2019 174 29.862  -1.01  347.08    6.23  161.48  271.05
 2019 175 29.862  -1.01  347.09    6.23  147.30  271.05
 2019 176 29.862  -1.01  347.09    6.23  133.18  271.06
 2019 177 29.862  -1.01  347.10    6.23  119.00  271.07
 2019 178 29.862  -1.01  347.11    6.23  104.82  271.07
 2019 179 29.862  -1.01  347.11    6.23   90.64  271.08
 2019 180 29.862  -1.01  347.12    6.23   76.46  271.08
 2019 181 29.862  -1.01  347.12    6.23   62.28  271.09
 2019 182 29.862  -1.01  347.13    6.23   48.10  271.10
 2019 183 29.862  -1.01  347.14    6.23   33.91  271.10
 2019 184 29.862  -1.01  347.14    6.22   19.73  271.11
 2019 185 29.862  -1.01  347.15    6.22    5.55  271.11
 2019 186 29.862  -1.01  347.16    6.22  351.37  271.12
 2019 187 29.862  -1.01  347.16    6.22  337.19  271.13
 2019 188 29.862  -1.01  347.17    6.22  323.01  271.13
 2019 189 29.862  -1.01  347.17    6.22  308.83  271.14
 2019 190 29.862  -1.01  347.18    6.22  294.64  271.14
 2019 191 29.862  -1.01  347.19    6.22  280.46  271.15
 2019 192 29.862  -1.01  347.19    6.22  266.28  271.16
 2019 193 29.862  -1.01  347.20    6.22  252.10  271.16
 2019 194 29.861  -1.01  347.20    6.22  237.92  271.17
 2019 195 29.861  -1.01  347.21    6.22  223.74  271.18
 2019 196 29.861  -1.01  347.22    6.22  209.62  271.18
 2019 197 29.861  -1.01  347.22    6.22  195.44  271.19
 2019 198 29.861  -1.01  347.23    6.22  181.26  271.19
 2019 199 29.861  -1.01  347.23    6.22  167.07  271.20
 2019 200 29.861  -1.01  347.24    6.22  152.89  271.21
 2019 201 29.861  -1.01  347.25    6.22  138.71  271.21
 2019 202 29.861  -1.02  347.25    6.22  124.53  271.22
 2019 203 29.861  -1.02  347.26    6.22  110.35  271.22
 2019 204 29.861  -1.02  347.26    6.22   96.17  271.23
 2019 205 29.861  -1.02  347.27    6.22   81.99  271.24
 2019 206 29.861  -1.02  347.28    6.22   67.80  271.24
 2019 207 29.861  -1.02  347.28    6.22   53.62  271.25
 2019 208 29.861  -1.02  347.29    6.22   39.44  271.25
 2019 209 29.861  -1.02  347.30    6.22   25.26  271.26
 2019 210 29.861  -1.02  347.30    6.22   11.08  271.27
 2019 211 29.861  -1.02  347.31    6.22  356.90  271.27
 2019 212 29.861  -1.02  347.31    6.22  342.72  271.28
 2019 213 29.861  -1.02  347.32    6.22  328.53  271.28
 2019 214 29.861  -1.02  347.33    6.22  314.35  271.29
 2019 215 29.861  -1.02  347.33    6.22  300.17  271.30
 2019 216 29.861  -1.02  347.34    6.22  286.05  271.30
 2019 217 29.861  -1.02  347.34    6.22  271.87  271.31
 2019 218 29.861  -1.02  347.35    6.22  257.69  271.32
 2019 219 29.861  -1.02  347.36    6.22  243.51  271.32
 2019 220 29.861  -1.02  347.36    6.22  229.33  271.33
 2019 221 29.861  -1.02  347.37    6.22  215.15  271.33
 2019 222 29.861  -1.02  347.37    6.22  200.96  271.34
 2019 223 29.861  -1.02  347.38    6.22  186.78  271.35
 2019 224 29.861  -1.02  347.39    6.22  172.60  271.35
 2019 225 29.861  -1.02  347.39    6.22  158.42  271.36
 2019 226 29.861  -1.02  347.40    6.22  144.24  271.36
 2019 227 29.861  -1.02  347.41    6.22  130.06  271.37
 2019 228 29.861  -1.02  347.41    6.22  115.88  271.38
 2019 229 29.860  -1.02  347.42    6.22  101.70  271.38
 2019 230 29.860  -1.02  347.42    6.22   87.51  271.39
 2019 231 29.860  -1.02  347.43    6.22   73.33  271.39
 2019 232 29.860  -1.02  347.44    6.22   59.15  271.40
 2019 233 29.860  -1.02  347.44    6.22   44.97  271.41
 2019 234 29.860  -1.02  347.45    6.22   30.79  271.41
 2019 235 29.860  -1.02  347.45    6.22   16.61  271.42
 2019 236 29.860  -1.02  347.46    6.22    2.49  271.43
 2019 237 29.860  -1.02  347.47    6.22  348.31  271.43
 2019 238 29.860  -1.02  347.47    6.22  334.13  271.44
 2019 239 29.860  -1.02  347.48    6.22  319.94  271.44
 2019 240 29.860  -1.02  347.48    6.22  305.76  271.45
 2019 241 29.860  -1.02  347.49    6.22  291.58  271.46
 2019 242 29.860  -1.02  347.50    6.21  277.40  271.46
 2019 243 29.860  -1.02  347.50    6.21  263.22  271.47
 2019 244 29.860  -1.02  347.51    6.21  249.04  271.47
 2019 245 29.860  -1.02  347.52    6.21  234.86  271.48
 2019 246 29.860  -1.02  347.52    6.21  220.67  271.49
 2019 247 29.860  -1.02  347.53    6.21  206.49  271.49
 2019 248 29.860  -1.02  347.53    6.21  192.31  271.50
 2019 249 29.860  -1.02  347.54    6.21  178.13  271.50
 2019 250 29.860  -1.02  347.55    6.21  163.95  271.51
 2019 251 29.860  -1.02  347.55    6.21  149.77  271.52
 2019 252 29.860  -1.02  347.56    6.21  135.59  271.52
 2019 253 29.860  -1.02  347.56    6.21  121.40  271.53
 2019 254 29.860  -1.02  347.57    6.21  107.22  271.54
 2019 255 29.860  -1.02  347.58    6.21   93.04  271.54
 2019 256 29.860  -1.02  347.58    6.21   78.86  271.55
 2019 257 29.860  -1.02  347.59    6.21   64.74  271.55
 2019 258 29.860  -1.02  347.59    6.21   50.56  271.56
 2019 259 29.860  -1.02  347.60    6.21   36.38  271.57
 2019 260 29.860  -1.02  347.61    6.21   22.20  271.57
 2019 261 29.860  -1.02  347.61    6.21    8.02  271.58
 2019 262 29.860  -1.02  347.62    6.21  353.83  271.58
 2019 263 29.860  -1.02  347.63    6.21  339.65  271.59
 2019 264 29.859  -1.02  347.63    6.21  325.47  271.60
 2019 265 29.859  -1.02  347.64    6.21  311.29  271.60
 2019 266 29.859  -1.02  347.64    6.21  297.11  271.61
 2019 267 29.859  -1.03  347.65    6.21  282.93  271.61
 2019 268 29.859  -1.03  347.66    6.21  268.75  271.62
 2019 269 29.859  -1.03  347.66    6.21  254.56  271.63
 2019 270 29.859  -1.03  347.67    6.21  240.38  271.63
 2019 271 29.859  -1.03  347.67    6.21  226.20  271.64
 2019 272 29.859  -1.03  347.68    6.21  212.02  271.65
 2019 273 29.859  -1.03  347.69    6.21  197.84  271.65
 2019 274 29.859  -1.03  347.69    6.21  183.66  271.66
 2019 275 29.859  -1.03  347.70    6.21  169.48  271.66
 2019 276 29.859  -1.03  347.70    6.21  155.29  271.67
 2019 277 29.859  -1.03  347.71    6.21  141.18  271.68
 2019 278 29.859  -1.03  347.72    6.21  126.99  271.68
 2019 279 29.859  -1.03  347.72    6.21  112.81  271.69
 2019 280 29.859  -1.03  347.73    6.21   98.63  271.69
 2019 281 29.859  -1.03  347.74    6.21   84.45  271.70
 2019 282 29.859  -1.03  347.74    6.21   70.27  271.71
 2019 283 29.859  -1.03  347.75    6.21   56.09  271.71
 2019 284 29.859  -1.03  347.75    6.21   41.91  271.72
 2019 285 29.859  -1.03  347.76    6.21   27.72  271.72
 2019 286 29.859  -1.03  347.77    6.21   13.54  271.73
 2019 287 29.859  -1.03  347.77    6.21  359.36  271.74
 2019 288 29.859  -1.03  347.78    6.21  345.18  271.74
 2019 289 29.859  -1.03  347.78    6.21  331.00  271.75
 2019 290 29.859  -1.03  347.79    6.21  316.82  271.75
 2019 291 29.859  -1.03  347.80    6.21  302.64  271.76
 2019 292 29.859  -1.03  347.80    6.21  288.45  271.77
 2019 293 29.859  -1.03  347.81    6.21  274.27  271.77
 2019 294 29.859  -1.03  347.81    6.21  260.09  271.78
 2019 295 29.859  -1.03  347.82    6.21  245.91  271.79
 2019 296 29.859  -1.03  347.83    6.21  231.73  271.79
 2019 297 29.859  -1.03  347.83    6.21  217.61  271.80
 2019 298 29.859  -1.03  347.84    6.21  203.43  271.80
 2019 299 29.859  -1.03  347.85    6.21  189.25  271.81
 2019 300 29.858  -1.03  347.85    6.20  175.07  271.82
 2019 301 29.858  -1.03  347.86    6.20  160.88  271.82
 2019 302 29.858  -1.03  347.86    6.20  146.70  271.83
 2019 303 29.858  -1.03  347.87    6.20  132.52  271.83
 2019 304 29.858  -1.03  347.88    6.20  118.34  271.84
 2019 305 29.858  -1.03  347.88    6.20  104.16  271.85
 2019 306 29.858  -1.03  347.89    6.20   89.98  271.85
 2019 307 29.858  -1.03  347.89    6.20   75.80  271.86
 2019 308 29.858  -1.03  347.90    6.20   61.61  271.86
 2019 309 29.858  -1.03  347.91    6.20   47.43  271.87
 2019 310 29.858  -1.03  347.91    6.20   33.25  271.88
 2019 311 29.858  -1.03  347.92    6.20   19.07  271.88
 2019 312 29.858  -1.03  347.92    6.20    4.89  271.89
 2019 313 29.858  -1.03  347.93    6.20  350.71  271.90
 2019 314 29.858  -1.03  347.94    6.20  336.53  271.90
 2019 315 29.858  -1.03  347.94    6.20  322.34  271.91
 2019 316 29.858  -1.03  347.95    6.20  308.16  271.91
 2019 317 29.858  -1.03  347.95    6.20  294.04  271.92
 2019 318 29.858  -1.03  347.96    6.20  279.86  271.93
 2019 319 29.858  -1.03  347.97    6.20  265.68  271.93
 2019 320 29.858  -1.03  347.97    6.20  251.50  271.94
 2019 321 29.858  -1.03  347.98    6.20  237.32  271.94
 2019 322 29.858  -1.03  347.99    6.20  223.14  271.95
 2019 323 29.858  -1.03  347.99    6.20  208.96  271.96
 2019 324 29.858  -1.03  348.00    6.20  194.77  271.96
 2019 325 29.858  -1.03  348.00    6.20  180.59  271.97
 2019 326 29.858  -1.03  348.01    6.20  166.41  271.97
 2019 327 29.858  -1.03  348.02    6.20  152.23  271.98
 2019 328 29.858  -1.03  348.02    6.20  138.05  271.99
 2019 329 29.858  -1.03  348.03    6.20  123.87  271.99
 2019 330 29.858  -1.03  348.03    6.20  109.69  272.00
 2019 331 29.858  -1.03  348.04    6.20   95.51  272.01
 2019 332 29.858  -1.03  348.05    6.20   81.32  272.01
 2019 333 29.858  -1.04  348.05    6.20   67.14  272.02
 2019 334 29.858  -1.04  348.06    6.20   52.96  272.02
 2019 335 29.857  -1.04  348.06    6.20   38.78  272.03
 2019 336 29.857  -1.04  348.07    6.20   24.60  272.04
 2019 337 29.857  -1.04  348.08    6.20   10.48  272.04
 2019 338 29.857  -1.04  348.08    6.20  356.30  272.05
 2019 339 29.857  -1.04  348.09    6.20  342.12  272.05
 2019 340 29.857  -1.04  348.10    6.20  327.93  272.06
 2019 341 29.857  -1.04  348.10    6.20  313.75  272.07
 2019 342 29.857  -1.04  348.11    6.20  299.57  272.07
 2019 343 29.857  -1.04  348.11    6.20  285.39  272.08
 2019 344 29.857  -1.04  348.12    6.20  271.21  272.08
 2019 345 29.857  -1.04  348.13    6.20  257.03  272.09
 2019 346 29.857  -1.04  348.13    6.20  242.85  272.10
 2019 347 29.857  -1.04  348.14    6.20  228.67  272.10
 2019 348 29.857  -1.04  348.14    6.20  214.48  272.11
 2019 349 29.857  -1.04  348.15    6.20  200.30  272.11
 2019 350 29.857  -1.04  348.16    6.20  186.12  272.12
 2019 351 29.857  -1.04  348.16    6.20  171.94  272.13
 2019 352 29.857  -1.04  348.17    6.20  157.76  272.13
 2019 353 29.857  -1.04  348.17    6.20  143.58  272.14
 2019 354 29.857  -1.04  348.18    6.20  129.40  272.15
 2019 355 29.857  -1.04  348.19    6.20  115.21  272.15
 2019 356 29.857  -1.04  348.19    6.19  101.03  272.16
 2019 357 29.857  -1.04  348.20    6.19   86.91  272.16
 2019 358 29.857  -1.04  348.21    6.19   72.73  272.17
 2019 359 29.857  -1.04  348.21    6.19   58.55  272.18
 2019 360 29.857  -1.04  348.22    6.19   44.37  272.18
 2019 361 29.857  -1.04  348.22    6.19   30.19  272.19
 2019 362 29.857  -1.04  348.23    6.19   16.01  272.19
 2019 363 29.857  -1.04  348.24    6.19    1.83  272.20
 2019 364 29.857  -1.04  348.24    6.19  347.64  272.21
 2019 365 29.857  -1.04  348.25    6.19  333.46  272.21
